+---------------------------------------------------------------------------------------------------------------------------------------------------------------------------------------------------------------------------------------------------------+
; Legal Partition Candidates                                                                                                                                                                                                                              ;
+----------------------------------------------------+-------+----------------+--------------+----------------+--------+-----------------+---------------+-----------------+-------+----------------+--------------+------------------+-------------------+
; Hierarchy                                          ; Input ; Constant Input ; Unused Input ; Floating Input ; Output ; Constant Output ; Unused Output ; Floating Output ; Bidir ; Constant Bidir ; Unused Bidir ; Input only Bidir ; Output only Bidir ;
+----------------------------------------------------+-------+----------------+--------------+----------------+--------+-----------------+---------------+-----------------+-------+----------------+--------------+------------------+-------------------+
; inst14|inst1|altsyncram_component|auto_generated   ; 10    ; 0              ; 0            ; 0              ; 6      ; 0               ; 0             ; 0               ; 0     ; 0              ; 0            ; 0                ; 0                 ;
; inst14|inst1                                       ; 10    ; 0              ; 0            ; 0              ; 6      ; 0               ; 0             ; 0               ; 0     ; 0              ; 0            ; 0                ; 0                 ;
; inst14|inst2|lpm_compare_component|auto_generated  ; 6     ; 0              ; 0            ; 0              ; 1      ; 0               ; 0             ; 0               ; 0     ; 0              ; 0            ; 0                ; 0                 ;
; inst14|inst2                                       ; 3     ; 0              ; 0            ; 0              ; 1      ; 0               ; 0             ; 0               ; 0     ; 0              ; 0            ; 0                ; 0                 ;
; inst14|inst4                                       ; 7     ; 0              ; 0            ; 0              ; 0      ; 0               ; 0             ; 0               ; 6     ; 0              ; 0            ; 0                ; 6                 ;
; inst14                                             ; 13    ; 0              ; 1            ; 0              ; 6      ; 0               ; 0             ; 0               ; 0     ; 0              ; 0            ; 0                ; 0                 ;
; inst7|inst4                                        ; 7     ; 0              ; 0            ; 0              ; 6      ; 0               ; 0             ; 0               ; 0     ; 0              ; 0            ; 0                ; 0                 ;
; inst7|inst14                                       ; 7     ; 0              ; 0            ; 0              ; 0      ; 0               ; 0             ; 0               ; 6     ; 0              ; 0            ; 0                ; 0                 ;
; inst7|inst11                                       ; 7     ; 0              ; 0            ; 0              ; 0      ; 0               ; 0             ; 0               ; 6     ; 0              ; 0            ; 0                ; 0                 ;
; inst7|inst25                                       ; 7     ; 0              ; 0            ; 0              ; 0      ; 0               ; 0             ; 0               ; 6     ; 0              ; 0            ; 0                ; 6                 ;
; inst7|inst26                                       ; 7     ; 0              ; 0            ; 0              ; 0      ; 0               ; 0             ; 0               ; 6     ; 0              ; 0            ; 0                ; 6                 ;
; inst7|inst5                                        ; 12    ; 0              ; 0            ; 0              ; 6      ; 0               ; 0             ; 0               ; 0     ; 0              ; 0            ; 0                ; 0                 ;
; inst7|inst9                                        ; 7     ; 0              ; 0            ; 0              ; 0      ; 0               ; 0             ; 0               ; 6     ; 0              ; 0            ; 0                ; 0                 ;
; inst7|inst24                                       ; 7     ; 0              ; 0            ; 0              ; 0      ; 0               ; 0             ; 0               ; 6     ; 0              ; 0            ; 0                ; 6                 ;
; inst7|inst12                                       ; 8     ; 0              ; 0            ; 0              ; 6      ; 0               ; 0             ; 0               ; 0     ; 0              ; 0            ; 0                ; 0                 ;
; inst7|inst23                                       ; 7     ; 0              ; 0            ; 0              ; 0      ; 0               ; 0             ; 0               ; 6     ; 0              ; 0            ; 0                ; 6                 ;
; inst7|inst2|lpm_add_sub_component|auto_generated   ; 12    ; 0              ; 0            ; 0              ; 6      ; 0               ; 0             ; 0               ; 0     ; 0              ; 0            ; 0                ; 0                 ;
; inst7|inst2                                        ; 12    ; 0              ; 0            ; 0              ; 6      ; 0               ; 0             ; 0               ; 0     ; 0              ; 0            ; 0                ; 0                 ;
; inst7|inst10                                       ; 7     ; 0              ; 0            ; 0              ; 0      ; 0               ; 0             ; 0               ; 6     ; 0              ; 0            ; 0                ; 0                 ;
; inst7|inst13                                       ; 8     ; 0              ; 0            ; 0              ; 6      ; 0               ; 0             ; 0               ; 0     ; 0              ; 0            ; 0                ; 0                 ;
; inst7|inst7                                        ; 4     ; 0              ; 0            ; 0              ; 0      ; 0               ; 0             ; 0               ; 3     ; 0              ; 0            ; 0                ; 3                 ;
; inst7|inst|lpm_decode_component|auto_generated     ; 4     ; 0              ; 0            ; 0              ; 16     ; 0               ; 0             ; 0               ; 0     ; 0              ; 0            ; 0                ; 0                 ;
; inst7|inst                                         ; 4     ; 0              ; 0            ; 0              ; 6      ; 0               ; 0             ; 0               ; 0     ; 0              ; 0            ; 0                ; 0                 ;
; inst7|inst6                                        ; 8     ; 0              ; 0            ; 0              ; 0      ; 0               ; 0             ; 0               ; 7     ; 0              ; 0            ; 0                ; 7                 ;
; inst7|inst8|lpm_clshift_component|auto_generated   ; 11    ; 0              ; 0            ; 0              ; 7      ; 0               ; 0             ; 0               ; 0     ; 0              ; 0            ; 0                ; 0                 ;
; inst7|inst8                                        ; 10    ; 0              ; 0            ; 0              ; 7      ; 0               ; 0             ; 0               ; 0     ; 0              ; 0            ; 0                ; 0                 ;
; inst7|inst1                                        ; 2     ; 0              ; 0            ; 0              ; 1      ; 0               ; 0             ; 0               ; 0     ; 0              ; 0            ; 0                ; 0                 ;
; inst7                                              ; 19    ; 0              ; 8            ; 0              ; 7      ; 0               ; 0             ; 0               ; 0     ; 0              ; 0            ; 0                ; 0                 ;
; inst17|inst|altsyncram_component|auto_generated    ; 16    ; 0              ; 0            ; 0              ; 6      ; 0               ; 0             ; 0               ; 0     ; 0              ; 0            ; 0                ; 0                 ;
; inst17|inst                                        ; 16    ; 0              ; 0            ; 0              ; 6      ; 0               ; 0             ; 0               ; 0     ; 0              ; 0            ; 0                ; 0                 ;
; inst17|inst1|lpm_decode_component|auto_generated   ; 4     ; 0              ; 0            ; 0              ; 16     ; 0               ; 0             ; 0               ; 0     ; 0              ; 0            ; 0                ; 0                 ;
; inst17|inst1                                       ; 4     ; 0              ; 0            ; 0              ; 2      ; 0               ; 0             ; 0               ; 0     ; 0              ; 0            ; 0                ; 0                 ;
; inst17|inst5                                       ; 7     ; 0              ; 0            ; 0              ; 0      ; 0               ; 0             ; 0               ; 6     ; 0              ; 0            ; 0                ; 6                 ;
; inst17                                             ; 19    ; 0              ; 0            ; 0              ; 6      ; 0               ; 0             ; 0               ; 0     ; 0              ; 0            ; 0                ; 0                 ;
; inst2|inst26                                       ; 7     ; 0              ; 0            ; 0              ; 0      ; 0               ; 0             ; 0               ; 6     ; 0              ; 0            ; 0                ; 0                 ;
; inst2|inst25                                       ; 7     ; 0              ; 0            ; 0              ; 0      ; 0               ; 0             ; 0               ; 6     ; 0              ; 0            ; 0                ; 0                 ;
; inst2|inst19                                       ; 7     ; 0              ; 0            ; 0              ; 0      ; 0               ; 0             ; 0               ; 6     ; 0              ; 0            ; 0                ; 0                 ;
; inst2|inst24                                       ; 7     ; 0              ; 0            ; 0              ; 0      ; 0               ; 0             ; 0               ; 6     ; 0              ; 0            ; 0                ; 0                 ;
; inst2|inst23                                       ; 8     ; 0              ; 0            ; 0              ; 6      ; 0               ; 0             ; 0               ; 0     ; 0              ; 0            ; 0                ; 0                 ;
; inst2|inst22                                       ; 8     ; 0              ; 0            ; 0              ; 6      ; 0               ; 0             ; 0               ; 0     ; 0              ; 0            ; 0                ; 0                 ;
; inst2|inst21                                       ; 8     ; 0              ; 0            ; 0              ; 6      ; 0               ; 0             ; 0               ; 0     ; 0              ; 0            ; 0                ; 0                 ;
; inst2|inst4|lpm_decode_component|auto_generated    ; 3     ; 0              ; 0            ; 0              ; 8      ; 0               ; 0             ; 0               ; 0     ; 0              ; 0            ; 0                ; 0                 ;
; inst2|inst4                                        ; 3     ; 4              ; 0            ; 4              ; 8      ; 4               ; 4             ; 4               ; 0     ; 0              ; 0            ; 0                ; 0                 ;
; inst2|inst6|lpm_decode_component|auto_generated    ; 4     ; 0              ; 0            ; 0              ; 16     ; 0               ; 0             ; 0               ; 0     ; 0              ; 0            ; 0                ; 0                 ;
; inst2|inst6                                        ; 4     ; 0              ; 0            ; 0              ; 2      ; 0               ; 0             ; 0               ; 0     ; 0              ; 0            ; 0                ; 0                 ;
; inst2|inst20                                       ; 8     ; 0              ; 0            ; 0              ; 6      ; 0               ; 0             ; 0               ; 0     ; 0              ; 0            ; 0                ; 0                 ;
; inst2                                              ; 19    ; 0              ; 5            ; 0              ; 30     ; 0               ; 0             ; 0               ; 0     ; 0              ; 0            ; 0                ; 0                 ;
; inst16|inst21                                      ; 7     ; 0              ; 0            ; 0              ; 0      ; 0               ; 0             ; 0               ; 6     ; 0              ; 0            ; 0                ; 6                 ;
; inst16|inst25                                      ; 5     ; 4              ; 0            ; 4              ; 0      ; 4               ; 4             ; 4               ; 4     ; 0              ; 0            ; 0                ; 0                 ;
; inst16|inst24                                      ; 5     ; 4              ; 0            ; 4              ; 0      ; 4               ; 4             ; 4               ; 4     ; 0              ; 0            ; 0                ; 0                 ;
; inst16|inst23                                      ; 5     ; 4              ; 0            ; 4              ; 0      ; 4               ; 4             ; 4               ; 4     ; 0              ; 0            ; 0                ; 0                 ;
; inst16|inst27                                      ; 5     ; 1              ; 0            ; 1              ; 0      ; 1               ; 1             ; 1               ; 4     ; 0              ; 0            ; 0                ; 0                 ;
; inst16|inst16|lpm_compare_component|auto_generated ; 6     ; 0              ; 0            ; 0              ; 1      ; 0               ; 0             ; 0               ; 0     ; 0              ; 0            ; 0                ; 0                 ;
; inst16|inst16                                      ; 3     ; 0              ; 0            ; 0              ; 1      ; 0               ; 0             ; 0               ; 0     ; 0              ; 0            ; 0                ; 0                 ;
; inst16|inst14                                      ; 5     ; 1              ; 0            ; 1              ; 0      ; 1               ; 1             ; 1               ; 4     ; 0              ; 0            ; 0                ; 0                 ;
; inst16|inst13                                      ; 5     ; 3              ; 0            ; 3              ; 0      ; 3               ; 3             ; 3               ; 4     ; 0              ; 0            ; 0                ; 0                 ;
; inst16|DATA_REGISTER                               ; 8     ; 0              ; 0            ; 0              ; 6      ; 0               ; 0             ; 0               ; 0     ; 0              ; 0            ; 0                ; 0                 ;
; inst16|inst29                                      ; 9     ; 2              ; 0            ; 2              ; 0      ; 2               ; 2             ; 2               ; 8     ; 0              ; 0            ; 0                ; 0                 ;
; inst16|inst8                                       ; 4     ; 0              ; 0            ; 0              ; 2      ; 0               ; 0             ; 0               ; 0     ; 0              ; 0            ; 0                ; 0                 ;
; inst16|inst11                                      ; 3     ; 0              ; 0            ; 0              ; 0      ; 0               ; 0             ; 0               ; 2     ; 0              ; 0            ; 0                ; 0                 ;
; inst16|ADDRESS_REGISTER                            ; 10    ; 0              ; 0            ; 0              ; 8      ; 0               ; 0             ; 0               ; 0     ; 0              ; 0            ; 0                ; 0                 ;
; inst16|inst5                                       ; 9     ; 0              ; 0            ; 0              ; 0      ; 0               ; 0             ; 0               ; 8     ; 0              ; 0            ; 0                ; 0                 ;
; inst16|inst7|lpm_add_sub_component|auto_generated  ; 16    ; 0              ; 0            ; 0              ; 8      ; 0               ; 0             ; 0               ; 0     ; 0              ; 0            ; 0                ; 0                 ;
; inst16|inst7                                       ; 16    ; 0              ; 0            ; 0              ; 8      ; 0               ; 0             ; 0               ; 0     ; 0              ; 0            ; 0                ; 0                 ;
; inst16|inst31|lpm_add_sub_component|auto_generated ; 16    ; 0              ; 0            ; 0              ; 8      ; 0               ; 0             ; 0               ; 0     ; 0              ; 0            ; 0                ; 0                 ;
; inst16|inst31                                      ; 8     ; 0              ; 0            ; 0              ; 8      ; 0               ; 0             ; 0               ; 0     ; 0              ; 0            ; 0                ; 0                 ;
; inst16|inst3                                       ; 9     ; 0              ; 0            ; 0              ; 0      ; 0               ; 0             ; 0               ; 8     ; 0              ; 0            ; 0                ; 0                 ;
; inst16|inst26                                      ; 9     ; 0              ; 0            ; 0              ; 0      ; 0               ; 0             ; 0               ; 8     ; 0              ; 0            ; 0                ; 0                 ;
; inst16|inst1|lpm_add_sub_component|auto_generated  ; 16    ; 0              ; 0            ; 0              ; 9      ; 0               ; 0             ; 0               ; 0     ; 0              ; 0            ; 0                ; 0                 ;
; inst16|inst1                                       ; 8     ; 0              ; 0            ; 0              ; 9      ; 0               ; 0             ; 0               ; 0     ; 0              ; 0            ; 0                ; 0                 ;
; inst16|inst15|lpm_compare_component|auto_generated ; 6     ; 0              ; 0            ; 0              ; 1      ; 0               ; 0             ; 0               ; 0     ; 0              ; 0            ; 0                ; 0                 ;
; inst16|inst15                                      ; 3     ; 0              ; 0            ; 0              ; 1      ; 0               ; 0             ; 0               ; 0     ; 0              ; 0            ; 0                ; 0                 ;
; inst16|INSTRUCTION_POINTER                         ; 11    ; 0              ; 0            ; 0              ; 8      ; 0               ; 0             ; 0               ; 0     ; 0              ; 0            ; 0                ; 0                 ;
; inst16|INSTRUCTION_REGISTER                        ; 5     ; 0              ; 0            ; 0              ; 3      ; 0               ; 0             ; 0               ; 0     ; 0              ; 0            ; 0                ; 0                 ;
; inst16|inst12                                      ; 4     ; 0              ; 0            ; 0              ; 0      ; 0               ; 0             ; 0               ; 3     ; 0              ; 0            ; 0                ; 3                 ;
; inst16|inst22|lpm_decode_component|auto_generated  ; 4     ; 0              ; 0            ; 0              ; 8      ; 0               ; 0             ; 0               ; 0     ; 0              ; 0            ; 0                ; 0                 ;
; inst16|inst22                                      ; 4     ; 6              ; 0            ; 6              ; 8      ; 6               ; 6             ; 6               ; 0     ; 0              ; 0            ; 0                ; 0                 ;
; inst16|inst|lpm_counter_component|auto_generated   ; 2     ; 0              ; 0            ; 0              ; 4      ; 0               ; 0             ; 0               ; 0     ; 0              ; 0            ; 0                ; 0                 ;
; inst16|inst                                        ; 2     ; 0              ; 0            ; 0              ; 4      ; 0               ; 0             ; 0               ; 0     ; 0              ; 0            ; 0                ; 0                 ;
; inst16|inst4|lpm_decode_component|auto_generated   ; 4     ; 0              ; 0            ; 0              ; 16     ; 0               ; 0             ; 0               ; 0     ; 0              ; 0            ; 0                ; 0                 ;
; inst16|inst4                                       ; 4     ; 5              ; 0            ; 5              ; 16     ; 5               ; 5             ; 5               ; 0     ; 0              ; 0            ; 0                ; 0                 ;
; inst16|inst2                                       ; 9     ; 0              ; 0            ; 0              ; 0      ; 0               ; 0             ; 0               ; 8     ; 0              ; 0            ; 0                ; 8                 ;
; inst16                                             ; 7     ; 0              ; 0            ; 0              ; 29     ; 0               ; 0             ; 0               ; 0     ; 0              ; 0            ; 0                ; 0                 ;
+----------------------------------------------------+-------+----------------+--------------+----------------+--------+-----------------+---------------+-----------------+-------+----------------+--------------+------------------+-------------------+
